228
52
99
44
47
264
83
39
69
240
152
11
162
104
85
225
167
203
259
180
239
151
76
189
12
159
234
67
55
247
61
6
110
100
71
174
49
25
119
153
129
192
231
197
122
214
98
133
253
193
143
254
89
195
48
81
163
63
156
27
20
68
7
80
26
204
35
257
215
128
86
87
58
265
235
169
66
124
95
186
50
213
173
155
3
46
154
36
205
38
14
252
127
157
226
196
57
113
109
175
241
79
262
18
221
149
73
191
77
168
147
28
84
130
1
243
42
13
211
182
78
32
60
161
37
140
246
171
134
218
132
19
209
207
2
4
97
148
23
16
261
94
30
65
238
258
108
202
146
96
185
194
123
115
236
212
90
34
224
24
54
56
220
165
248
206
15
114
40
53
198
150
250
31
142
41
107
237
72
181
43
208
184
106
187
245
201
118
256
74
138
121
59
135
91
216
190
131
178
219
164
137
199
176
70
229
105
64
8
125
111
166
255
93
112
101
136
10
75
62
144
117
263
9
102
22
170
217
179
82
183
139
145
233
232
33
200
17
141
242
251
92
177
188
223
116
210
21
227
160
230
244
260
249
5
45
222
29
172
51
158
88
120
126