76
81
187
30
148
9
125
222
25
203
12
66
59
21
44
137
57
206
79
188
121
54
227
18
141
89
256
168
259
241
40
169
90
41
181
178
15
99
75
106
247
197
95
220
253
186
48
22
191
139
29
156
31
240
262
209
144
138
157
128
176
132
134
177
205
120
265
32
67
5
69
154
17
230
143
49
175
38
219
100
3
93
88
83
162
244
72
20
185
214
52
246
223
33
215
101
124
254
242
8
167
200
60
184
153
226
130
237
74
73
150
26
196
136
165
91
62
257
64
118
43
78
53
166
107
87
145
245
249
261
140
1
193
149
199
24
208
173
19
10
151
50
202
77
11
238
182
229
51
122
108
80
243
96
34
65
94
129
23
212
61
183
163
45
46
235
217
113
161
133
252
92
116
171
111
160
146
264
142
37
192
58
224
248
195
260
204
263
216
190
6
109
189
127
86
14
251
105
71
123
135
115
97
35
211
198
159
27
47
28
207
102
126
218
172
36
39
239
70
98
84
152
158
213
55
16
210
174
233
155
221
170
234
7
232
231
131
85
236
68
194
114
13
63
42
56
117
112
164
228
179
255
82
2
250
119
4
225
201
258
147
180
104